64   34   70   49   83   21   71   
14   78   38   1   84   86   27   
65   61   2   15   35   6   88   
7   40   31   66   50   72   87   
95   69   22   89   79   99   58   
24   44   81   13   59   82   0   
56   90   68   3   8   30   93   
62   60   52   91   43   45   77   
96   54   4   51   75   33   39   
29   17   41   36   94   48   98   
9   10   16   26   76   18   11   
19   67   47   12   5   25   23   
57   -32   -58   -66   -7   -8   -15   
-59   20   -77   -11   -18   -21   -14   
-4   -36   -10   32   -9   -28   -6   
-24   -75   -5   -41   -68   -70   -2   
-30   -43   -39   -38   -3   -50   -76   
-47   -46   -25   -69   -34   